0
36
35
560
560
-167
-167
793
791
123.000000000000
121
1399
1405
520
527
1279
1286
574
581
1124
1131
448
455
1246
1253
544
551
1104
1111
429
436
1265
1272
462
470
1009.00000000000
1015.00000000000
364
372
1146
1152
520
528
1205
1212
390
398
971
978.000000000000
311
318
1184
1190
337
345
1249
1255
488
496
1254
1261
535
542
1231
1238
552
559
1139
1145
458
465
1243
1249
329
336
918
924
307
314
1257
1263
421
428
1280
1287
537
544
1275
1281
483
490
1125
1132
545
552
1174
1181
616
623
1301
1307
589
596
1216
1223
401
408
977
983.000000000000
282
289
1068
1074
487
494
1294
1301
272
279
1278
1285
481
489.000000000000
1665
1677
816
829
1383
1396
695
708
1562
1575