0
-144
-144
-2272
-2266
679
677
-3020
-2996
-301
-284
-4392
-4372
-826
-815
-3907
-3888
-1048
-1036
-3278
-3260
-534
-523
-3774
-3755
-925
-913
-3197
-3179
-457
-446
-3851
-3832
-594
-583
-2810
-2793
-197
-187
-3366
-3348
-830
-818
-3608
-3590
-302
-292
-2659
-2643
21
31
-3520
-3502
-88
-78
-3784
-3765
-700
-688
-3805
-3786
-889
-878
-3714
-3695
-957
-945
-3337
-3319
-577
-566
-3759
-3741
-53
-43
-2441
-2425
35
45
-3816
-3797
-425
-415
-3911.00000000000
-3891
-896
-885
-3890
-3870
-679
-667
-3281
-3263
-928
-917
-3482
-3464
-1217
-1204
-3995.00000000000
-3976.00000000000
-1108
-1095
-3650
-3632
-345
-334
-2680
-2664
137
146
-3049
-3032
-693
-681
-3967
-3948
180
189
-3904
-3884
-672
-660
-4937
-4929
-1494
-1495
-3795
-3789
-1002.00000000000
-1004.00000000000
-4523
-4515