0
-34
-74
-528
-1165
158
348
-600
-1602
33
-208
-680
-2296
149
-467
-567
-2047.00000000000
98
-581
-421
-1724
217
-318
-536
-1979.00000000000
127
-518
-402
-1683
235
-278
-554
-2018.00000000000
203
-349
-312
-1485
296
-145
-441
-1770
149
-469
-498.000000000000
-1894
271
-199
-277
-1407
347
-33
-477
-1849
321
-89
-538
-1984
179
-403
-543
-1995.00000000000
135
-500
-522
-1948
119
-534
-435
-1755
207
-339
-533
-1972.00000000000
329
-71
-226
-1295
350
-26
-546
-2000
243
-262
-568
-2049
133
-503
-563
-2038.00000000000
184
-392
-421
-1726
126
-520
-468
-1829
59
-668
-588
-2092
84
-612
-507.000000000000
-1916
261
-220
-282
-1418
374
27
-368
-1607
181
-399
-581
-2078
383
48
-566
-2046
185
-388
-714
-2546
87
-781
-448
-1960
201
-528
-617
-2333